MSE: 8152062.220313802
MAE: 1114.7029213925414
MAPE: 0.06974834081896199
