MSE: 5904313.690364286
MAE: 924.1817108653163
MAPE: 0.058823176240613784
